1 1 54 3 2 1 1
2 0 41 2 2 2 2
3 1 48 3 3 2 2
4 0 40 2 2 3 2
5 1 29 2 2 3 2
6 1 43 3 3 4 3
7 1 55 2 3 4 3
8 0 49 3 3 4 4
9 0 64 4 4 4 5
10 1 51 2 3 3 2
11 1 46 2 2 2 2
12 0 59 2 2 1 2
13 1 58 4 3 4 3
14 0 49 2 1 1 1
15 1 48 3 3 3 3
16 0 60 3 2 3 3
17 0 62 3 2 3 2
18 1 65 4 4 4 4
19 0 56 3 2 3 3
20 0 64 3 2 3 3
21 0 42 3 3 3 2
22 1 59 3 3 5 4
23 1 61 2 2 2 2
24 0 59 2 2 1 1
25 0 29 2 3 3 2
26 1 41 3 2 2 2
27 0 65 3 2 3 2
28 0 22 1 3 3 2
29 1 55 2 2 3 2
30 1 62 3 3 2 2
31 1 31 4 4 3 1
32 0 43 3 2 2 3
33 1 59 3 2 2 2
34 0 57 4 3 3 3
35 1 48 1 2 1 2
36 0 61 4 5 3 2
37 1 35 3 3 2 2
38 0 61 3 2 2 3
39 1 56 3 3 3 3
40 1 56 3 3 2 4
41 0 60 3 3 3 2
42 1 52 3 2 3 2
43 0 55 3 2 3 2
44 1 64 4 3 3 2
45 0 50 4 3 4 1
46 0 57 3 2 2 2
47 1 50 3 3 2 2
48 0 56 4 3 4 3
49 1 56 3 4 2 3
50 1 64 3 2 3 2
51 0 64 4 3 3 4
52 0 33 3 2 2 2
53 1 48 3 4 2 3
54 1 35 1 1 1 1
55 0 55 3 4 5 4
56 1 50 2 3 3 2
57 1 45 4 3 3 4
58 1 46 2 3 1 1
59 0 55 2 2 4 2
60 1 51 4 4 4 4
61 0 55 1 1 1 2
62 1 34 4 2 1 1
63 1 53 4 4 4 3
64 0 61 2 4 3 3
65 0 51 2 4 1 2
66 0 57 5 3 3 2
67 0 42 1 1 1 1
68 1 52 3 3 2 1
69 1 44 3 2 2 3
70 0 31 2 2 2 2
71 0 64 3 2 2 2
72 0 58 5 4 5 4
73 0 50 4 4 3 4
74 0 47 3 2 4 3
75 1 57 3 3 3 3
76 0 46 5 3 4 4
77 0 39 3 5 3 5
78 1 64 3 2 3 3
79 1 57 5 3 3 1
80 0 31 4 4 3 3
81 0 58 3 2 2 2
82 1 60 2 3 2 1
83 1 36 2 2 2 1
84 1 60 4 4 2 3
85 0 63 3 2 2 2
86 0 58 3 5 3 3
87 1 31 4 2 4 3
88 0 61 3 3 2 3
89 1 49 4 3 3 2
90 0 44 2 2 3 2
91 1 64 3 3 3 3
92 0 41 3 2 2 2
93 1 31 3 3 3 3
94 0 63 3 2 3 2
95 1 41 4 4 4 4
96 0 62 3 3 5 3
97 1 62 3 3 3 2
98 1 54 3 2 3 3
99 0 42 3 3 3 2
100 1 33 1 1 1 1
101 0 40 3 2 3 2
102 1 50 3 3 2 2
103 1 25 4 4 3 3
104 1 46 3 2 2 2
105 0 66 3 3 3 3
106 1 32 3 2 2 1
107 0 54 2 2 2 2
108 0 58 3 3 2 3
109 1 33 3 2 2 2
110 0 62 4 3 4 4
111 1 62 3 3 4 3
112 1 26 3 3 2 3
113 0 61 2 3 2 2
114 0 46 4 3 3 3
115 1 64 3 3 3 3
116 0 21 3 2 1 2
117 1 50 3 3 2 1
118 0 45 4 4 3 3
119 1 50 3 1 1 2
120 0 60 4 1 3 2
121 0 52 1 2 2 3
122 1 42 3 3 3 4
123 1 65 3 3 4 3
124 1 48 2 2 1 1
125 1 60 3 4 3 4
126 0 62 2 3 2 2
127 0 63 3 3 3 3
128 1 62 3 2 3 3
129 1 54 4 3 3 4
130 0 37 2 4 3 3
131 1 53 3 2 1 1
132 0 63 3 3 5 4
133 1 46 2 2 2 1
134 1 55 2 1 1 1
135 0 36 3 4 3 3
136 0 55 3 3 3 3
137 0 33 2 1 2 1
138 0 51 3 3 4 3
139 1 60 3 3 3 3
140 1 61 3 2 3 1
141 0 41 3 1 1 1
142 1 63 3 3 4 3
143 1 55 4 2 2 2
144 0 34 3 3 4 4
145 0 62 4 3 4 4
146 1 53 3 3 3 3
147 0 24 3 3 3 3
148 0 48 5 4 4 3
149 0 52 3 3 3 3
150 1 55 4 2 3 2
151 1 60 3 3 3 4
152 1 36 5 3 4 3
153 1 28 3 4 2 4
154 0 28 3 3 4 4
155 1 34 4 3 3 3
156 0 26 4 4 3 3
157 1 56 1 2 2 1
158 0 57 3 3 3 3
159 0 55 5 4 4 5
160 1 55 5 3 3 3
161 0 46 3 2 2 2
162 0 59 3 3 3 3
163 0 51 2 2 2 2
164 0 54 4 2 3 3
165 0 58 3 5 2 3
166 0 47 2 2 4 3
167 1 54 3 3 3 3
168 1 60 4 2 2 1
169 1 45 4 3 4 3
170 0 33 3 1 4 1
171 0 57 5 5 4 5
172 0 38 3 2 2 2
173 1 51 3 2 2 3
174 1 55 4 3 3 3
175 0 33 5 4 5 5
176 0 57 4 3 3 3
177 0 37 4 4 2 4
178 1 55 4 3 3 2
179 1 63 5 3 4 3
180 1 45 2 2 2 1
181 0 54 3 3 3 2
182 0 63 5 4 4 5
183 1 53 2 2 2 2
184 1 49 2 2 5 3
185 1 64 3 2 2 3
186 0 45 4 2 3 2
187 0 55 3 3 2 2
188 1 65 2 3 1 5
189 1 58 2 2 3 3
190 1 49 2 2 2 3
191 1 38 4 4 5 2
192 1 57 3 3 2 2
193 0 57 3 3 4 4
194 1 51 4 3 3 4
195 1 58 4 3 2 3
196 0 65 3 4 3 4
197 1 50 3 3 4 2
198 0 52 2 2 2 2
199 1 65 2 2 2 1
200 0 60 3 1 2 3
201 0 58 4 4 5 4
202 0 58 3 4 4 4
203 1 55 2 2 3 4
204 0 59 4 4 2 1
205 1 54 3 2 2 2
206 1 44 2 2 2 2
207 0 44 3 2 2 3
208 1 47 2 3 3 2
209 0 55 2 2 3 3
210 0 53 2 2 2 2
211 1 .  5 4 5 4
212 1 63 4 2 2 2
213 0 57 3 2 2 2
214 0 55 5 2 2 1
215 1 58 5 5 4 2
216 0 62 3 4 5 5
217 1 53 5 4 4 3
218 0 25 4 4 3 4
219 1 58 4 3 4 4
220 0 62 4 3 4 4
221 1 32 4 3 3 3
222 1 63 2 2 2 2
223 1 39 1 2 1 1
224 0 53 4 4 3 4
225 1 62 3 3 2 2
226 0 61 3 2 3 2
227 1 64 3 2 2 1
228 1 57 4 3 3 2
229 1 35 2 2 1 2
230 0 54 2 3 3 3
231 1 63 3 3 2 3
232 0 50 4 3 4 4
233 0 35 2 4 2 3
234 1 35 3 2 2 2
235 0 63 3 4 3 3
236 0 55 4 3 4 3
237 0 38 2 2 2 2
238 1 22 4 3 3 1
239 1 28 2 1 2 1
240 0 51 3 3 3 2
241 0 62 5 5 4 4
242 0 33 2 2 4 3
243 1 36 2 2 1 1
244 0 31 4 4 3 3
245 1 39 3 3 4 4
246 0 33 3 5 4 4
247 1 52 4 3 2 3
248 1 27 3 3 2 2
249 1 41 4 4 4 4
250 0 31 4 4 4 4
251 1 48 4 3 4 2
252 1 48 3 5 2 3
253 1 42 3 3 3 2
254 0 50 4 3 3 4
255 1 53 3 3 1 2
256 1 63 3 3 3 2
257 0 55 1 1 3 2
258 0 37 2 2 3 1
259 1 39 3 3 3 3
260 1 35 3 3 2 3
261 1 35 3 3 3 3
262 0 65 4 4 3 3
263 1 58 2 2 3 1
264 0 40 4 2 5 3
265 0 33 5 4 4 5
266 1 33 3 2 1 1
267 1 40 4 3 4 4
268 0 60 4 4 4 4
269 0 59 4 3 2 2
270 1 62 5 3 3 3
271 1 54 4 3 4 2
272 1 55 5 2 2 3
273 0 45 2 4 2 2
274 1 65 3 3 3 3
275 0 51 4 3 2 3
276 0 56 4 3 3 3
277 1 64 4 3 3 4
278 1 36 5 3 3 3
279 0 61 3 4 3 3
280 0 46 4 3 3 4
281 0 60 3 2 2 2
282 0 56 4 3 3 3
283 0 63 2 3 3 2
284 0 56 4 3 3 3
285 1 60 4 4 4 3
286 1 58 4 3 4 5
287 0 61 5 4 5 4
288 0 64 5 5 4 4
289 0 55 4 4 3 3
290 1 57 2 2 2 .
291 1 63 4 3 . .
292 1 42 5 3 . 4
293 0 37 4 3 . 3
294 1 52 3 2 3 .
295 0 52 3 . 3 3
296 1 47 3 . . .
297 1 63 4 3 4 .
298 0 60 3 4 4 4
299 1 63 3 . 4 4
300 0 33 4 5 3 .
301 0 57 3 3 4 .
302 1 41 3 3 . .
303 1 29 3 4 . .
