            0      0     0      20    5268.2
           10      0     0      16    2542.0
           20      0     0      13    1140.7
           30      0     0       3     614.6
            0      0     1      41    4451.1
           10      0     1      24    2243.5
           20      0     1      27    1153.6
           30      0     1      17     925.0
            0      1     0       8    1366.8
           10      1     0       9     497.0
           20      1     0       3     238.1
           30      1     0       7     146.3
            0      1     1      29    1251.9
           10      1     1      21     640.0
           20      1     1       7     374.5
           30      1     1      12     338.2