1    1    1    0     B     0
1    1    1    1     A     11.5
2    1    2    0     A     11.75
2    1    2    1     B     13.75
3    1    2    0     A     .5
3    1    2    1     B     8.25
4    1    1    0     B     14.75
4    1    1    1     A     14.75
5    1    6    0     A     10.75
5    1    6    1     P     8.25
6    1    5    0     P     11
6    1    5    1     A     15.25
7    1    1    0     B     8
7    1    1    1     A     15.5
8    1    4    0     B     5.75
8    1    4    1     P     4.75
9    1    3    0     P     14
9    1    3    1     B     15.75
10    1    4    0     B     12.5
10    1    4    1     P     15.25
11    1    2    0     A     14.25
11    1    2    1     B     7.25
12    1    5    0     P     4
12    1    5    1     A     10
13    1    1    0     B     15.5
13    1    1    1     A     7.75
14    1    1    0     B     9.5
14    1    1    1     A     9.75
15    1    6    0     A     3
15    1    6    1     P     6.75
16    1    1    0     B     7.5
16    1    1    1     A     14.75
17    1    2    0     A     15.25
17    1    2    1     B     9.5
18    1    3    0     P     14.5
18    1    3    1     B     13
19    1    2    0     A     10.75
19    1    2    1     B     8
20    1    6    0     A     6.75
20    1    6    1     P     1
21    1    2    0     A     11
21    1    2    1     B     9.25
22    1    1    0     B     10.25
22    1    1    1     A     8.5
23    1    5    0     P     6.75
23    1    5    1     A     12.5
24    1    1    0     B     7.25
24    1    1    1     A     11.5
25    1    1    0     B     12.75
25    1    1    1     A     10.5
26    1    2    0     A     12.5
26    1    2    1     B     10.5
27    1    4    0     B     13.5
27    1    4    1     P     13
28    1    2    0     A     0
28    1    2    1     B     11.5
29    1    3    0     P     11.5
29    1    3    1     B     9.5
30    1    2    0     A     14.25
30    1    2    1     B     14
31    2    2    0     A     10.5
31    2    2    1     B     7.5
32    2    5    0     P     4
32    2    5    1     A     9
33    2    1    0     B     12.5
33    2    1    1     A     13.75
34    2    1    0     B     15
34    2    1    1     A     12.25
35    2    2    0     A     13
35    2    2    1     B     13.25
36    2    6    0     A     12
36    2    6    1     P     2.5
37    2    2    0     A     8
37    2    2    1     B     7
38    2    1    0     B     11.75
38    2    1    1     A     15
39    2    4    0     B     13.25
39    2    4    1     P     9.5
40    2    3    0     P     8.75
40    2    3    1     B     13
41    2    6    0     A     7
41    2    6    1     P     8.75
42    2    1    0     B     10.5
42    2    1    1     A     14.25
43    2    5    0     P     1.75
43    2    5    1     A     1.75
44    2    2    0     A     11.5
44    2    2    1     B     13.25
45    2    2    0     A     10.25
45    2    2    1     B     11.5
46    2    2    0     A     11.25
46    2    2    1     B     11.5
47    2    1    0     B     5.25
47    2    1    1     A     13
48    2    3    0     P     4.75
48    2    3    1     B     5.25
49    2    4    0     B     6.25
49    2    4    1     P     4.5
50    2    6    0     A     14.5
50    2    6    1     P     8
51    2    3    0     P     5.75
51    2    3    1     B     8
52    2    4    0     B     11
52    2    4    1     P     8.5
53    2    2    0     A     10.75
53    2    2    1     B     8.5
54    2    5    0     P     0
54    2    5    1     A     4.5
55    2    1    0     B     7
55    2    1    1     A     14.5
56    2    2    0     A     13.5
56    2    2    1     B     13.25
57    2    2    0     A     6
57    2    2    1     B     5.25
58    2    1    0     B     9.25
58    2    1    1     A     13.5
59    2    1    0     B     11.75
59    2    1    1     A     11
60    3    1    0     B     12.5
60    3    1    1     A     9.5
61    3    5    0     P     3.75
61    3    5    1     A     10.5
62    3    2    0     A     14.75
62    3    2    1     B     14
63    3    4    0     B     10.25
63    3    4    1     P     9.5
64    3    2    0     A     11
64    3    2    1     B     13.75
65    3    3    0     P     7
65    3    3    1     B     14.5
66    3    1    0     B     10
66    3    1    1     A     5.75
67    3    2    0     A     11.25
67    3    2    1     B     9.25
68    3    1    0     B     10.5
68    3    1    1     A     12.25
69    3    6    0     A     5.5
69    3    6    1     P     2.75
70    3    2    0     A     14.75
70    3    2    1     B     7.25
71    3    2    0     A     15
71    3    2    1     B     13.25
72    3    1    0     B     11
72    3    1    1     A     6
73    3    5    0     P     14.5
73    3    5    1     A     14
74    3    3    0     P     .5
74    3    3    1     B     1.5
75    3    4    0     B     11
75    3    4    1     P     6
76    3    1    0     B     10.75
76    3    1    1     A     9.75
77    3    6    0     A     14
77    3    6    1     P     6.5
78    3    1    0     B     14.75
78    3    1    1     A     14.25
79    3    2    0     A     4.25
79    3    2    1     B     3
80    3    5    0     P     10.75
80    3    5    1     A     15
81    3    1    0     B     14.5
81    3    1    1     A     12.5
82    3    1    0     B     10
82    3    1    1     A     11.25
83    3    2    0     A     7.5
83    3    2    1     B     13.25
84    3    2    0     A     12
84    3    2    1     B     12.5
85    3    1    0     B     13.25
85    3    1    1     A     2.5
86    3    2    0     A     14.75
86    3    2    1     B     12.25
87    3    6    0     A     11
87    3    6    1     P     12.5
88    3    4    0     B     9.25
88    3    4    1     P     8.5
89    3    3    0     P     5
89    3    3    1     B     8
90    3    1    0     B     7.5
90    3    1    1     A     13.75
91    4    2    0     A     13
91    4    2    1     B     9.75
92    4    1    0     B     10.75
92    4    1    1     A     5.75
93    4    2    0     A     9.25
93    4    2    1     B     6.5
94    4    5    0     P     7.75
94    4    5    1     A     15.5
95    4    1    0     B     10.75
95    4    1    1     A     12.25
96    4    2    0     A     13.25
96    4    2    1     B     6
97    4    4    0     B     11.75
97    4    4    1     P     11
98    4    3    0     P     7.25
98    4    3    1     B     12.25
99    4    6    0     A     5.75
99    4    6    1     P     14.5
100    4    1    0     B     9.5
100    4    1    1     A     14
101    4    2    0     A     15
101    4    2    1     B     8
102    4    2    0     A     9.5
102    4    2    1     B     0
103    4    6    0     A     5.5
103    4    6    1     P     12.5
104    4    5    0     P     8.75
104    4    5    1     A     10.5
105    4    1    0     B     14.75
105    4    1    1     A     13
106    4    2    0     A     14.5
106    4    2    1     B     0
107    4    1    0     B     12.75
107    4    1    1     A     6
108    4    4    0     B     10
108    4    4    1     P     8.25
109    4    3    0     P     4
109    4    3    1     B     8.5
110    4    1    0     B     5
110    4    1    1     A     9.75
111    4    5    0     P     4.5
111    4    5    1     A     8.25
112    4    2    0     A     9.5
112    4    2    1     B     5
113    4    1    0     B     3.25
113    4    1    1     A     1
114    4    2    0     A     4.75
114    4    2    1     B     10
115    4    1    0     B     1.25
115    4    1    1     A     7.75
116    4    2    0     A     12.25
116    4    2    1     B     9.5
117    4    4    0     B     12.5
117    4    4    1     P     9.25
118    4    6    0     A     11.75
118    4    6    1     P     4
119    4    1    0     B     14.75
119    4    1    1     A     8.25
120    4    3    0     P     11.5
120    4    3    1     B     9.5
121    4    6    0     A     12.75
121    4    6    1     P     2
122    5    5    0     P     4.75
122    5    5    1     A     10
123    5    6    0     A     10.25
123    5    6    1     P     2.5
124    5    1    0     B     10.5
124    5    1    1     A     11.5
125    5    2    0     A     11.75
125    5    2    1     B     5.75
126    5    2    0     A     10.75
126    5    2    1     B     9.75
127    5    2    0     A     3.75
127    5    2    1     B     8
128    5    1    0     B     4
128    5    1    1     A     9.5
129    5    4    0     B     8.25
129    5    4    1     P     1
130    5    1    0     B     12.25
130    5    1    1     A     15.25
131    5    3    0     P     7
131    5    3    1     B     11
132    5    1    0     B     14.5
132    5    1    1     A     11.25
133    5    6    0     A     13
133    5    6    1     P     12.75
134    5    1    0     B     6.75
134    5    1    1     A     11
135    5    3    0     P     12
135    5    3    1     B     14
136    5    1    0     B     11
136    5    1    1     A     13
137    5    2    0     A     8.5
137    5    2    1     B     10.5
138    5    5    0     P     7.75
138    5    5    1     A     13.5
139    5    5    0     P     12.5
139    5    5    1     A     10.5
140    5    2    0     A     6
140    5    2    1     B     8.25
141    5    2    0     A     13.25
141    5    2    1     B     10
142    5    1    0     B     10.25
142    5    1    1     A     8.25
143    5    4    0     B     9.25
143    5    4    1     P     8.75
144    5    2    0     A     7.5
144    5    2    1     B     10.25
145    5    6    0     A     10
145    5    6    1     P     9
146    5    3    0     P     4.5
146    5    3    1     B     13.5
147    5    1    0     B     6.25
147    5    1    1     A     8
148    5    4    0     B     8.25
148    5    4    1     P     7
149    5    2    0     A     11.75
149    5    2    1     B     7.75
150    5    2    0     A     10.75
150    5    2    1     B     10.25
151    6    3    0     P     6
151    6    3    1     B     9.75
152    6    4    0     B     10.5
152    6    4    1     P     12.5
153    6    6    0     A     9.25
153    6    6    1     P     5.5
154    6    2    0     A     8.25
154    6    2    1     B     6
155    6    5    0     P     4.5
155    6    5    1     A     5.5
156    6    2    0     A     6.5
156    6    2    1     B     13.5
157    6    2    0     A     11.75
157    6    2    1     B     5.25
158    6    1    0     B     13.75
158    6    1    1     A     3
159    6    1    0     B     0
159    6    1    1     A     14.75
160    6    1    0     B     3.75
160    6    1    1     A     12.5
161    6    1    0     B     13.5
161    6    1    1     A     16
162    6    2    0     A     12
162    6    2    1     B     11
163    6    1    0     B     8.5
163    6    1    1     A     4.5
164    6    2    0     A     6.25
164    6    2    1     B     11
165    6    5    0     P     13.25
165    6    5    1     A     11.5
166    6    6    0     A     15
166    6    6    1     P     13
167    6    4    0     B     15
167    6    4    1     P     14.5
168    6    3    0     P     14.25
168    6    3    1     B     14.75
169    6    1    0     B     12.5
169    6    1    1     A     15.25
170    6    2    0     A     13.25
170    6    2    1     B     13.75
171    6    2    0     A     7.75
171    6    2    1     B     12.25
172    6    4    0     B     12.25
172    6    4    1     P     7.75
173    6    1    0     B     13.25
173    6    1    1     A     12
174    6    1    0     B     8.75
174    6    1    1     A     1.5
175    6    2    0     A     5.25
175    6    2    1     B     10
176    6    6    0     A     4
176    6    6    1     P     4
177    6    5    0     P     11.75
177    6    5    1     A     9.5
178    6    3    0     P     7.25
178    6    3    1     B     5.5
179    6    1    0     B     14
179    6    1    1     A     13.25
180    6    2    0     A     9.5
180    6    2    1     B     8.5
181    7    4    0     B     6.25
181    7    4    1     P     7
182    7    1    0     B     13.25
182    7    1    1     A     12.75
183    7    1    0     B     3.5
183    7    1    1     A     6.5
184    7    3    0     P     11.25
184    7    3    1     B     13.5
185    7    2    0     A     4.5
185    7    2    1     B     3.25
186    7    5    0     P     10.75
186    7    5    1     A     13.25
187    7    1    0     B     5.75
187    7    1    1     A     8
188    7    2    0     A     8.5
188    7    2    1     B     12.75
189    7    1    0     B     13.75
189    7    1    1     A     14.75
190    7    2    0     A     13.75
190    7    2    1     B     10.5
191    7    6    0     A     10.75
191    7    6    1     P     14.25
192    7    5    0     P     11.75
192    7    5    1     A     13.5
193    7    1    0     B     7.5
193    7    1    1     A     5.5
194    7    2    0     A     14
194    7    2    1     B     15
195    7    1    0     B     13.25
195    7    1    1     A     10.5
196    7    4    0     B     7
196    7    4    1     P     0
197    7    2    0     A     12
197    7    2    1     B     12.5
198    7    3    0     P     14
198    7    3    1     B     15.25
199    7    3    0     P     8.5
199    7    3    1     B     15.5
200    7    4    0     B     11.5
200    7    4    1     P     9
201    7    2    0     A     3.5
201    7    2    1     B     3.5
202    7    1    0     B     9
202    7    1    1     A     14
203    7    2    0     A     10
203    7    2    1     B     9.5
204    7    1    0     B     10.5
204    7    1    1     A     9.25
205    7    2    0     A     13
205    7    2    1     B     15.5
206    7    1    0     B     7.25
206    7    1    1     A     12.75
207    7    5    0     P     7.75
207    7    5    1     A     12.5
208    7    2    0     A     12.25
208    7    2    1     B     7.75
209    7    6    0     A     12
209    7    6    1     P     9.5
210    7    6    0     A     12.75
210    7    6    1     P     8
211    8    6    0     A     11.75
211    8    6    1     P     7.5
212    8    2    0     A     4.75
212    8    2    1     B     5.5
213    8    4    0     B     12.25
213    8    4    1     P     10.75
214    8    1    0     B     10.25
214    8    1    1     A     6.75
215    8    5    0     P     11.75
215    8    5    1     A     9
216    8    2    0     A     14.25
216    8    2    1     B     3
217    8    1    0     B     5.5
217    8    1    1     A     12
218    8    2    0     A     9.75
218    8    2    1     B     7
219    8    3    0     P     7.75
219    8    3    1     B     12.75
220    8    1    0     B     6
220    8    1    1     A     15.25
221    8    4    0     B     5
221    8    4    1     P     6.5
222    8    1    0     B     10.25
222    8    1    1     A     10.25
223    8    3    0     P     4.5
223    8    3    1     B     13.25
224    8    1    0     B     5.25
224    8    1    1     A     2
225    8    2    0     A     14.25
225    8    2    1     B     2
226    8    2    0     A     13.5
226    8    2    1     B     8
227    8    6    0     A     12.25
227    8    6    1     P     10.25
228    8    1    0     B     3
228    8    1    1     A     12.5
229    8    2    0     A     12.5
229    8    2    1     B     5.5
230    8    5    0     P     14.25
230    8    5    1     A     14
231    8    2    0     A     13.5
231    8    2    1     B     14.5
232    8    1    0     B     3
232    8    1    1     A     2
233    8    5    0     P     9.5
233    8    5    1     A     9.5
234    8    6    0     A     13.75
234    8    6    1     P     12.5
235    8    2    0     A     8.75
235    8    2    1     B     10.25
236    8    1    0     B     3.5
236    8    1    1     A     8.75
237    8    3    0     P     11.25
237    8    3    1     B     10.75
238    8    2    0     A     9
238    8    2    1     B     12.25
239    8    1    0     B     10.5
239    8    1    1     A     9.25
240    8    4    0     B     3.5
240    8    4    1     P     4.5
241    8    5    0     P     13.75
241    8    5    1     A     14
242    9    1    0     B     10
242    9    1    1     A     12.25
243    9    3    0     P     3
243    9    3    1     B     4
244    9    5    0     P     10.25
244    9    5    1     A     11.25
245    9    2    0     A     10
245    9    2    1     B     8.25
246    9    4    0     B     15.75
246    9    4    1     P     11.25
247    9    2    0     A     11
247    9    2    1     B     9.75
248    9    1    0     B     13
248    9    1    1     A     13.25
249    9    2    0     A     1.5
249    9    2    1     B     5.25
250    9    6    0     A     1
250    9    6    1     P     1.5
251    9    6    0     A     11
251    9    6    1     P     6.25
252    9    1    0     B     8.5
252    9    1    1     A     14.75
253    9    1    0     B     10
253    9    1    1     A     11.25
254    9    2    0     A     12.75
254    9    2    1     B     8.75
255    9    2    0     A     8.25
255    9    2    1     B     7.5
256    9    3    0     P     4
256    9    3    1     B     7
257    9    4    0     B     12.25
257    9    4    1     P     15.75
258    9    2    0     A     12
258    9    2    1     B     8
259    9    5    0     P     1
259    9    5    1     A     14
260    9    1    0     B     10.75
260    9    1    1     A     7.5
261    9    2    0     A     5
261    9    2    1     B     2
262    9    4    0     B     13
262    9    4    1     P     8.75
263    9    2    0     A     5.5
263    9    2    1     B     8.5
264    9    1    0     B     14.5
264    9    1    1     A     11.25
265    9    1    0     B     0
265    9    1    1     A     13.5
266    9    1    0     B     14.25
266    9    1    1     A     13.25
267    9    3    0     P     1.5
267    9    3    1     B     5
268    9    5    0     P     5.75
268    9    5    1     A     8.5
269    9    1    0     B     11
269    9    1    1     A     10.75
270    9    1    0     B     8
270    9    1    1     A     5.5
271    9    6    0     A     13
271    9    6    1     P     8.25
272    9    2    0     A     8.75
272    9    2    1     B     11
273    10    4    0     B     12
273    10    4    1     P     9.75
274    10    2    0     A     10.75
274    10    2    1     B     12.5
275    10    3    0     P     11.25
275    10    3    1     B     13.75
276    10    1    0     B     4.25
276    10    1    1     A     10.75
277    10    1    0     B     4.75
277    10    1    1     A     3.75
278    10    2    0     A     13.75
278    10    2    1     B     10.5
279    10    1    0     B     9.5
279    10    1    1     A     14.5
280    10    5    0     P     6
280    10    5    1     A     10.5
281    10    2    0     A     8.25
281    10    2    1     B     5.5
282    10    4    0     B     11.25
282    10    4    1     P     7
283    10    1    0     B     13.25
283    10    1    1     A     13.75
284    10    1    0     B     6
284    10    1    1     A     11.5
285    10    3    0     P     13.5
285    10    3    1     B     8.25
286    10    1    0     B     13.75
286    10    1    1     A     12.75
287    10    2    0     A     14.5
287    10    2    1     B     10.25
288    10    5    0     P     9
288    10    5    1     A     7
289    10    2    0     A     10
289    10    2    1     B     4.5
290    10    3    0     P     0
290    10    3    1     B     0
291    10    1    0     B     .5
291    10    1    1     A     1
292    10    2    0     A     11.5
292    10    2    1     B     9.75
293    10    1    0     B     9.5
293    10    1    1     A     10.25
294    10    4    0     B     10.25
294    10    4    1     P     3
295    10    2    0     A     6.5
295    10    2    1     B     4
296    10    6    0     A     13
296    10    6    1     P     8
297    10    1    0     B     10.75
297    10    1    1     A     14.25
298    10    5    0     P     2
298    10    5    1     A     15.25
299    10    2    0     A     12.25
299    10    2    1     B     12.25
300    10    6    0     A     15.25
300    10    6    1     P     2.25
301    10    6    0     A     15
301    10    6    1     P     14
302    10    2    0     A     12.25
302    10    2    1     B     14.75
303    11    2    0     A     12
303    11    2    1     B     3.25
304    11    1    0     B     13
304    11    1    1     A     14
305    11    4    0     B     14.75
305    11    4    1     P     9.25
306    11    1    0     B     7.75
306    11    1    1     A     7.75
307    11    1    0     B     10.25
307    11    1    1     A     12.75
308    11    2    0     A     7
308    11    2    1     B     9.75
309    11    2    0     A     7.25
309    11    2    1     B     5.25
310    11    6    0     A     13
310    11    6    1     P     10.5
311    11    5    0     P     9.75
311    11    5    1     A     9.25
312    11    1    0     B     11
312    11    1    1     A     11.25
313    11    6    0     A     9.75
313    11    6    1     P     .5
314    11    2    0     A     13.5
314    11    2    1     B     7.75
315    11    2    0     A     10.75
315    11    2    1     B     10
316    11    1    0     B     7.75
316    11    1    1     A     9.75
317    11    1    0     B     7.5
317    11    1    1     A     8
318    11    2    0     A     9.5
318    11    2    1     B     5.25
319    11    3    0     P     7.5
319    11    3    1     B     7.25
320    11    1    0     B     7.25
320    11    1    1     A     12
321    11    2    0     A     7.5
321    11    2    1     B     12.5
322    11    1    0     B     9.25
322    11    1    1     A     9.5
323    11    2    0     A     8
323    11    2    1     B     11.5
324    11    3    0     P     8.5
324    11    3    1     B     13
325    11    1    0     B     14
325    11    1    1     A     13.25
326    11    4    0     B     13.25
326    11    4    1     P     11
327    11    2    0     A     13.5
327    11    2    1     B     7.25
328    11    6    0     A     5.75
328    11    6    1     P     0
329    11    5    0     P     7
329    11    5    1     A     9.75
330    11    3    0     P     3
330    11    3    1     B     1
331    11    4    0     B     14.75
331    11    4    1     P     15.5
332    11    5    0     P     10.75
332    11    5    1     A     14.75
333    12    1    0     B     15.5
333    12    1    1     A     13.5
334    12    5    0     P     8.75
334    12    5    1     A     12.25
335    12    1    0     B     15
335    12    1    1     A     15
336    12    2    0     A     11.75
336    12    2    1     B     6.5
337    12    6    0     A     11.5
337    12    6    1     P     8.5
338    12    1    0     B     15.25
338    12    1    1     A     15.5
339    12    2    0     A     13.25
339    12    2    1     B     6.75
340    12    3    0     P     7.75
340    12    3    1     B     13.25
341    12    2    0     A     2.75
341    12    2    1     B     10
342    12    4    0     B     15
342    12    4    1     P     11.5
343    12    1    0     B     1.5
343    12    1    1     A     11
344    12    1    0     B     10.5
344    12    1    1     A     11.25
345    12    4    0     B     7
345    12    4    1     P     0
346    12    6    0     A     13.25
346    12    6    1     P     0
347    12    1    0     B     8.25
347    12    1    1     A     11.25
348    12    5    0     P     13.25
348    12    5    1     A     15.25
349    12    3    0     P     11.25
349    12    3    1     B     12.75
350    12    2    0     A     9.25
350    12    2    1     B     11
351    12    2    0     A     15.25
351    12    2    1     B     15.25
352    12    2    0     A     10.5
352    12    2    1     B     5
353    12    2    0     A     11.25
353    12    2    1     B     5
354    12    2    0     A     4
354    12    2    1     B     12.5
355    12    1    0     B     10
355    12    1    1     A     11.75
356    12    1    0     B     1.75
356    12    1    1     A     10
357    12    5    0     P     5
357    12    5    1     A     6.5
358    12    6    0     A     12.5
358    12    6    1     P     8.25
359    12    2    0     A     10.5
359    12    2    1     B     13.75
360    12    3    0     P     0
360    12    3    1     B     6.5
361    12    1    0     B     10.75
361    12    1    1     A     6
362    12    4    0     B     10.75
362    12    4    1     P     6.75
363    13    5    0     P     11
363    13    5    1     A     10.75
364    13    2    0     A     7.25
364    13    2    1     B     4.75
365    13    4    0     B     4.5
365    13    4    1     P     7.75
366    13    2    0     A     12
366    13    2    1     B     8.5
367    13    1    0     B     11.25
367    13    1    1     A     14.75
368    13    1    0     B     14.25
368    13    1    1     A     12.75
369    13    1    0     B     6
369    13    1    1     A     10
370    13    3    0     P     1.5
370    13    3    1     B     10.5
371    13    6    0     A     5
371    13    6    1     P     6
372    13    2    0     A     8
372    13    2    1     B     13
373    13    2    0     A     8.5
373    13    2    1     B     13
374    13    1    0     B     6.5
374    13    1    1     A     12.5
375    13    2    0     A     11.25
375    13    2    1     B     8.5
376    13    1    0     B     9.25
376    13    1    1     A     12.75
377    13    2    0     A     13.75
377    13    2    1     B     13.25
378    13    5    0     P     10.5
378    13    5    1     A     8.75
379    13    6    0     A     8
379    13    6    1     P     2
380    13    3    0     P     0
380    13    3    1     B     5
381    13    1    0     B     14.5
381    13    1    1     A     14
382    13    6    0     A     14.5
382    13    6    1     P     14.5
383    13    5    0     P     7.75
383    13    5    1     A     8.75
384    13    2    0     A     11.5
384    13    2    1     B     13.25
385    13    3    0     P     12.25
385    13    3    1     B     9.5
386    13    1    0     B     10.75
386    13    1    1     A     11
387    13    1    0     B     9
387    13    1    1     A     11.75
388    13    1    0     B     7.75
388    13    1    1     A     9.75
389    13    4    0     B     8.5
389    13    4    1     P     9.25
390    13    2    0     A     11.75
390    13    2    1     B     8.25
391    13    2    0     A     12.25
391    13    2    1     B     11.5
392    13    4    0     B     11.25
392    13    4    1     P     11
393    14    2    0     A     10.5
393    14    2    1     B     9
394    14    1    0     B     9.5
394    14    1    1     A     8.25
395    14    3    0     P     8.75
395    14    3    1     B     5.75
396    14    1    0     B     4
396    14    1    1     A     5.5
397    14    4    0     B     2
397    14    4    1     P     0
398    14    2    0     A     10.5
398    14    2    1     B     6.25
399    14    1    0     B     10
399    14    1    1     A     7.75
400    14    5    0     P     10.25
400    14    5    1     A     10.75
401    14    6    0     A     11
401    14    6    1     P     5.5
402    14    2    0     A     6.5
402    14    2    1     B     6.75
403    14    1    0     B     13.5
403    14    1    1     A     11.75
404    14    1    0     B     7.5
404    14    1    1     A     15.25
405    14    2    0     A     13.5
405    14    2    1     B     7
406    14    3    0     P     8.5
406    14    3    1     B     13.5
407    14    4    0     B     12
407    14    4    1     P     9.25
408    14    2    0     A     9.5
408    14    2    1     B     10
409    14    5    0     P     11.75
409    14    5    1     A     14
410    14    6    0     A     11.5
410    14    6    1     P     13.75
411    14    1    0     B     11.5
411    14    1    1     A     9.75
412    14    2    0     A     7.25
412    14    2    1     B     8.25
413    14    2    0     A     7.25
413    14    2    1     B     12.5
414    14    5    0     P     8.5
414    14    5    1     A     6.5
415    14    4    0     B     9.75
415    14    4    1     P     7
416    14    2    0     A     10.75
416    14    2    1     B     8
417    14    1    0     B     15.25
417    14    1    1     A     14
418    14    6    0     A     11.5
418    14    6    1     P     4.25
419    14    1    0     B     13
419    14    1    1     A     14
420    14    1    0     B     11.5
420    14    1    1     A     10.75
421    14    2    0     A     13.25
421    14    2    1     B     14
422    14    3    0     P     8.5
422    14    3    1     B     12
423    14    1    0     B     12.75
423    14    1    1     A     14.75
