Study of progesterone metabolite concentration (pregnanediol-3-glucuronide, PdG) in the menstrual cycle.

Source: 
These data were generously provided by Professor Bill Lasley
Departments of Population Health and Reproduction,
School Vet. Med. and Obstetrics & Gynecology, School of Medicine
Institute of Toxicology & Environmental Health
Wildlife Health Center
University of California, Davis
(with the support of NIESH grant ESO 6198)


Description:

The hormone data are from a study of early pregnancy loss conducted by the Institute for Toxicology and Environmental Health at the 
Reproductive Epidemiology Section of the California Department of Health Services, Berkeley, California. The data consist of repeated 
progesterone metabolite (pregnanediol-3-glucuronide, PdG) measures from day -8 to day 15 in the menstrual cycle (day 0 denotes ovulation day) 
on a sample of 22 conceptive cycles from 22 women and 29 non-conceptive cycles from another 29 women.
Note: There are additional data available on multiple non-conceptive cycles of the same 29 women, but for simplicity this dataset includes 
only a single cycle.

Following standard practice in endocrinological research, progesterone profiles are aligned by the day of ovulation, determined by 
serum luteinizing hormone, and then truncated at each end to yield curves of equal length from day -8 to day 15.
Measures are missing for certain cycles on some days.
The data are described in greater detail in Brumback and Rice (1998).
 

References: Brumback, B. and Rice, J. (1998). Smoothing spline models for the analysis of
nested and crossed samples of curves. Journal of the American Statistical Association, 93, 961-993.



Variable List:
ID, Group (0=non-conceptive, 1=conceptive), Time (in days),  Log PdG


1 0 -8 -0.10651824
1 0 -7 0.04606832
1 0 -6 -0.02592671
1 0 -5 -0.09207704
1 0 -4 -0.05878623
1 0 -3 -0.14683805
1 0 -2 0.31639465
1 0 -1 0.38676637
1 0 0 0.21613959
1 0 1 0.49649667
1 0 2 0.74412508
1 0 3 1.1420708
1 0 4 1.46769922
1 0 5 2.10771918
1 0 6 2.43389387
1 0 7 3.00657616
1 0 8 2.97612922
1 0 9 3.03166915
1 0 10 2.75816422
1 0 11 2.91728551
1 0 12 2.77770041
1 0 13 3.20467519
1 0 14 2.8693386
1 0 15 1.84179351
2 0 -8 -0.81723398
2 0 -7 -0.82701162
2 0 -6 -0.61499285
2 0 -5 -1.34559113
2 0 -4 -1.35250668
2 0 -3 -0.83456635
2 0 -2 -0.52064775
2 0 -1 -0.77804747
2 0 0 -0.33273185
2 0 1 -0.19537972
2 0 2 0.06462735
2 0 3 0.57126279
2 0 4 0.85602603
2 0 5 1.19794967
2 0 6 1.64863341
2 0 7 1.5720678
2 0 8 1.41767041
2 0 9 1.5360076
2 0 10 1.18928773
2 0 11 1.28867194
2 0 12 1.24439526
2 0 13 0.68021678
3 0 -8 -0.9058543
3 0 -7 -0.5039404
3 0 -6 -0.49673749
3 0 -5 -0.96926091
3 0 -4 -0.69905811
3 0 -3 -0.18970018
3 0 -2 -0.20586249
3 0 -1 0.06274719
3 0 0 0.10665583
3 0 1 0.62679119
3 0 2 0.70418957
3 0 3 1.4177682
3 0 4 1.77128213
3 0 5 2.09421605
3 0 6 1.91853358
3 0 7 1.87884365
3 0 8 1.82477159
3 0 9 1.24088473
3 0 10 1.55322959
3 0 11 1.38231821
3 0 12 0.90422289
4 0 -8 -1.41923317
4 0 -7 -1.7632878
4 0 -6 -1.34167377
4 0 -5 -0.9428315
4 0 -4 -1.47784097
4 0 -1 -1.1302322
4 0 2 0.47174776
4 0 3 1.35955344
4 0 4 1.86030693
4 0 5 1.79839687
4 0 6 1.85889783
4 0 7 2.01079777
4 0 8 2.49411722
4 0 9 1.91715844
4 0 10 1.41369136
4 0 11 2.08261339
4 0 12 1.40119188
4 0 13 0.49158729
4 0 14 0.2975969
4 0 15 -0.36566726
5 0 -8 -0.4622633
5 0 -7 -0.46952422
5 0 -6 -0.62434003
5 0 -5 -0.58321964
5 0 -4 -0.6391661
5 0 -3 -0.45179209
5 0 -2 -0.90676336
5 0 -1 -0.68673984
5 0 0 -0.39031102
5 0 2 0.57585976
5 0 3 0.74313219
5 0 4 1.26557214
5 0 5 1.54046101
5 0 6 1.72396545
5 0 7 1.87224982
5 0 8 1.84544258
5 0 10 2.01146998
5 0 13 1.38855594
6 0 -8 0.23203722
6 0 -7 -1.57370751
6 0 -6 -0.76900883
6 0 -5 -1.76146441
6 0 -4 -1.78253895
6 0 -2 -1.79187967
6 0 -1 -1.26324743
6 0 0 -0.50512158
6 0 1 -0.25074006
6 0 2 0.39816287
6 0 3 0.19905852
6 0 4 0.44194041
6 0 5 1.05586178
6 0 6 1.47352028
6 0 7 1.51953814
6 0 8 1.34222818
6 0 9 1.41887114
6 0 10 0.90590364
6 0 11 1.25874019
6 0 12 0.52453518
6 0 13 0.12724387
7 0 -8 -1.85516178
7 0 -7 -1.88481715
7 0 -6 -1.62769527
7 0 -5 -1.60738828
7 0 -4 -2.16978725
7 0 -3 -1.88732462
7 0 -2 -1.3932249
7 0 -1 -2.28708091
7 0 0 -1.15003035
7 0 1 -0.70760983
7 0 2 -0.40476163
7 0 3 0.21755998
7 0 4 0.74778436
7 0 5 0.77687614
7 0 6 0.69496151
7 0 7 1.05605267
7 0 8 1.07707353
7 0 9 0.9554162
7 0 10 -0.03706121
7 0 11 -1.06875435
7 0 12 -1.46984852
8 0 -7 -2.2379618
8 0 -6 -2.85402399
8 0 -5 -2.81511256
8 0 -4 -2.38549671
8 0 -3 -2.62284976
8 0 -2 -2.26239194
8 0 -1 -2.99519449
8 0 0 -3.27048388
8 0 1 -1.71957294
8 0 2 -1.68370352
8 0 3 -1.09258127
8 0 4 -0.1182108
8 0 5 0.70759868
8 0 6 -0.21248518
8 0 7 0.10317446
8 0 8 0.39492575
8 0 9 0.17497678
8 0 10 -3.10808442
8 0 11 0.27336084
8 0 12 0.23946422
8 0 13 -0.09373662
8 0 14 -0.24351765
9 0 -8 -0.59463358
9 0 -7 -0.54192115
9 0 -6 -0.27167362
9 0 -5 -0.66848553
9 0 -4 -0.60678233
9 0 -3 -0.71557035
9 0 -2 -0.13621659
9 0 -1 -0.44123566
9 0 0 -0.46754512
9 0 1 -0.12495121
9 0 2 -0.06199383
9 0 3 0.80850015
9 0 4 1.53430104
9 0 5 1.73140796
9 0 6 1.91476923
9 0 7 1.99263027
9 0 8 1.87048428
9 0 9 1.32440835
9 0 10 1.31419743
9 0 11 1.49036217
9 0 12 1.48550357
9 0 13 0.72529669
10 0 -8 -0.23058551
10 0 -7 0.8347977
10 0 -6 -0.66175094
10 0 -5 -0.74827062
10 0 -4 -0.66433791
10 0 -3 -1.99947245
10 0 -2 -3.95639111
10 0 -1 -0.80227204
10 0 0 -2.5969078
10 0 1 -2.62617143
10 0 2 -1.41301698
10 0 3 0.38692797
10 0 4 0.39722139
10 0 5 0.60320109
10 0 6 0.72616128
10 0 7 1.02049586
10 0 8 1.02633677
10 0 9 -0.56598163
10 0 10 1.21459016
10 0 11 1.00775736
10 0 12 -1.9018843
10 0 13 -1.81743062
10 0 14 0.76819493
11 0 -8 -0.42068907
11 0 -6 -0.25433284
11 0 -5 -0.86615994
11 0 -4 -0.49989191
11 0 -3 -0.25632787
11 0 -2 0.12489593
11 0 -1 0.09210027
11 0 1 0.35554405
11 0 2 0.77560391
11 0 3 1.91230243
11 0 4 1.85817186
11 0 5 2.0851143
11 0 7 2.92389532
11 0 9 2.65839505
11 0 10 2.10790533
11 0 12 1.981889
12 0 -8 -0.81794239
12 0 -7 -0.41984663
12 0 -6 -0.66554285
12 0 -5 -1.01323243
12 0 -4 -1.25406595
12 0 -3 -1.02969284
12 0 -2 -1.08013185
12 0 -1 -0.93725862
12 0 0 -0.7395932
12 0 1 -0.56968311
12 0 2 -0.71133506
12 0 3 0.1139862
12 0 4 0.78023908
12 0 5 0.87579062
12 0 6 0.79369853
12 0 7 1.22135416
12 0 8 1.73084408
12 0 9 1.515287
12 0 10 1.27223352
12 0 11 1.25945824
12 0 12 0.86294909
12 0 13 0.3494249
13 0 -8 0.65473231
13 0 -7 0.90801321
13 0 -6 0.40428523
13 0 -5 -0.1101901
13 0 -4 0.6834557
13 0 -3 0.70560051
13 0 -2 -0.07721242
13 0 -1 0.71965188
13 0 0 1.08423245
13 0 1 1.12061085
13 0 2 1.55310974
13 0 3 2.40734316
13 0 4 3.36015799
13 0 5 3.17974348
13 0 6 2.91977899
13 0 8 3.25682106
13 0 9 3.36538111
13 0 10 3.42247552
13 0 11 3.48453237
13 0 12 2.60570849
13 0 13 2.24145809
14 0 -8 -0.07521539
14 0 -6 -0.25569928
14 0 -5 -0.16213657
14 0 -4 -0.05721228
14 0 -3 -0.17721014
14 0 -2 0.20859581
14 0 -1 -0.2435437
14 0 0 1.14089398
14 0 1 1.16544129
14 0 2 2.1462471
14 0 3 2.31242124
14 0 4 2.32085385
14 0 5 2.8526388
14 0 6 3.19461946
14 0 7 3.270539
14 0 8 2.8162289
14 0 9 2.99735375
14 0 10 3.32267814
14 0 11 3.00889321
14 0 12 2.61513262
14 0 13 2.41012876
14 0 14 2.35583377
15 0 -8 -0.46505566
15 0 -7 -0.81146844
15 0 -6 -0.92936435
15 0 -5 -1.56254415
15 0 -4 -1.59050619
15 0 -3 -4.5355497
15 0 -2 -1.16666469
15 0 -1 -1.43136115
15 0 0 -2.13545195
16 0 -8 -1.09638014
16 0 -7 -1.02835706
16 0 -6 -0.92631688
16 0 -5 -0.20573213
16 0 -4 -0.56909453
16 0 -3 -0.11921868
16 0 -2 -0.09866199
16 0 -1 0.06345317
16 0 0 0.57858314
16 0 1 1.10613178
16 0 2 0.86726271
16 0 3 1.50953633
16 0 4 1.47285853
16 0 5 1.490126
16 0 6 2.09420388
16 0 7 2.29022724
16 0 8 1.70111038
16 0 9 1.99463504
16 0 10 1.33873184
16 0 11 1.37460319
16 0 12 0.22385963
16 0 13 0.06538484
16 0 14 -0.15690653
16 0 15 0.11670224
17 0 -7 0.536915
17 0 -6 0.41545413
17 0 -5 0.51129063
17 0 -4 0.71599034
17 0 -3 0.7527291
17 0 -2 0.72878078
17 0 -1 0.72239442
17 0 0 1.28473401
17 0 1 1.07990269
17 0 2 1.09221043
17 0 3 1.41096791
17 0 4 1.78771281
17 0 5 2.00876753
17 0 6 2.08338555
17 0 7 2.33384319
17 0 8 2.41848767
17 0 9 2.36128898
17 0 10 2.53124675
17 0 11 2.3376322
17 0 12 1.84214192
17 0 13 1.9537183
17 0 14 1.47327641
18 0 -8 -0.98486458
18 0 -7 -1.59145925
18 0 -6 -1.19222473
18 0 -5 -1.52278538
18 0 -4 -1.17040023
18 0 -3 -1.52429114
18 0 -2 -1.84195072
18 0 -1 -1.27268738
18 0 0 -0.26398399
18 0 1 0.06409053
18 0 2 0.45231702
18 0 3 0.99432618
18 0 4 1.8380075
18 0 5 1.33195435
18 0 6 1.99908041
18 0 7 1.50003065
18 0 8 1.55542819
18 0 9 1.35248996
18 0 10 1.17669165
18 0 11 1.06373253
18 0 12 1.08467271
19 0 -8 -1.51770698
19 0 -7 -1.36177549
19 0 -6 -1.27651897
19 0 -5 -2.03489889
19 0 -4 -1.7941997
19 0 -3 -1.46129442
19 0 -2 -1.14889082
19 0 -1 -1.11337194
19 0 0 -1.10652662
19 0 1 -0.26116976
19 0 2 -0.26474178
19 0 3 0.21113311
19 0 4 0.51309141
19 0 5 0.41596989
19 0 6 0.44756288
19 0 7 0.27571386
19 0 8 0.81436416
19 0 9 0.72660904
19 0 10 0.82021674
19 0 11 1.19682402
19 0 12 0.92279479
19 0 13 0.27143505
19 0 14 0.28928157
20 0 -3 -0.99514392
20 0 -2 -0.28353265
20 0 -1 0.3371492
20 0 0 -1.74813774
20 0 1 -0.42596169
20 0 2 1.11459654
20 0 3 1.14485265
20 0 4 1.32580756
20 0 5 1.41499814
20 0 6 2.15493272
20 0 7 1.90032489
20 0 8 1.90560812
20 0 9 0.98307897
20 0 10 1.00116772
20 0 11 0.14548754
21 0 -8 -2.40589011
21 0 -7 -2.54571565
21 0 -6 -2.58259895
21 0 -5 -2.4468259
21 0 -4 -2.64479348
21 0 -3 -2.33626809
21 0 -2 -3.09534354
21 0 -1 -3.06346451
21 0 0 -2.2624249
21 0 1 -1.99711759
21 0 2 -1.79358192
21 0 3 -1.076937
21 0 4 -0.53618309
21 0 5 -0.28986718
21 0 6 -0.13473141
21 0 7 -0.58604586
21 0 8 -0.3419455
21 0 9 -0.69314718
21 0 10 -0.61494252
21 0 11 -0.42209077
21 0 12 -0.47413905
21 0 13 -1.31673946
22 0 -8 -1.43888079
22 0 -7 -0.89996142
22 0 -6 -1.51819426
22 0 -5 -1.75685285
22 0 -4 -1.25715767
22 0 -3 -1.91384633
22 0 -2 -1.73456146
22 0 -1 -1.83244932
22 0 0 -1.32173048
22 0 1 -0.60833767
22 0 2 -0.19325292
22 0 3 0.3150742
22 0 4 0.76889414
22 0 5 1.32444461
22 0 6 1.28017532
22 0 7 1.46149984
22 0 8 1.34854968
22 0 9 -0.82432419
22 0 10 0.96209225
22 0 11 1.34334349
22 0 12 0.85433554
23 0 -8 -2.67973444
23 0 -7 -2.57573906
23 0 -6 -1.81533557
23 0 -5 -0.54259233
23 0 -4 -1.91018378
23 0 -3 -2.62623791
23 0 -2 -0.9160036
23 0 -1 -1.56027313
23 0 0 -2.94507013
23 0 1 -1.48931935
23 0 2 -2.84086577
23 0 3 -0.1589487
23 0 4 -1.63241936
23 0 5 0.24388797
23 0 6 0.90626623
23 0 7 -1.41427513
23 0 8 -1.36715466
23 0 9 -2.41038102
23 0 10 -1.67045437
23 0 11 -0.5895108
23 0 12 0.3769165
23 0 13 0.77048243
23 0 14 -2.39176226
24 0 -8 -0.05666799
24 0 -7 0.33033097
24 0 -6 0.53062825
24 0 -5 -0.14550061
24 0 -4 -0.13073232
24 0 -3 -0.0052177
24 0 -2 0.67683602
24 0 -1 0.59401779
24 0 0 0.63823911
24 0 1 0.78204408
24 0 2 0.88914215
24 0 3 1.37091233
24 0 4 1.95826264
24 0 5 2.28519751
24 0 6 2.21550334
24 0 7 2.010895
24 0 8 2.24640392
24 0 9 1.99513138
24 0 10 1.89938216
24 0 11 2.07062384
24 0 12 2.09731896
24 0 13 1.65193979
24 0 14 1.3454789
24 0 15 0.9412446
25 0 -8 -0.52239755
25 0 -7 -0.78851124
25 0 -6 -0.59500538
25 0 -5 -0.42504159
25 0 -4 -0.70300853
25 0 -3 -0.75781519
25 0 -2 -0.77857483
25 0 -1 -0.67402157
25 0 0 -0.32976417
25 0 1 0.29173554
25 0 2 0.31750258
25 0 3 0.79361927
25 0 4 1.078212
25 0 5 1.3155948
25 0 6 1.78797091
25 0 7 1.44363796
25 0 8 1.31665559
25 0 9 1.44213581
25 0 10 1.47348684
25 0 11 1.54186264
25 0 12 1.37813853
25 0 13 0.95769038
25 0 14 0.9788275
25 0 15 0.36325244
26 0 -8 -1.19070156
26 0 -7 -1.49530351
26 0 -6 -3.26008506
26 0 -5 -2.16340692
26 0 -4 -1.48180186
26 0 -3 -1.27951178
26 0 -2 -1.29665469
26 0 -1 -1.41654649
26 0 0 -0.90600122
26 0 1 -1.51975147
26 0 2 -0.33538099
26 0 3 0.26337299
26 0 4 -1.54220883
26 0 5 0.82858864
26 0 6 0.9949925
26 0 7 -0.02861641
26 0 8 -0.62740125
26 0 9 0.89187959
26 0 10 0.91242937
26 0 11 -0.47137847
26 0 12 -1.70435489
26 0 13 -0.00195917
26 0 14 0.74585282
26 0 15 -2.3230112
27 0 -8 -1.0714674
27 0 -7 -1.57957262
27 0 -6 -0.94468961
27 0 -5 -1.04262381
27 0 -4 -1.02301222
27 0 -3 -1.18541284
27 0 -2 -1.52558883
27 0 -1 -1.21391838
27 0 0 -3.15220583
27 0 1 -0.65139648
27 0 2 -0.96657337
27 0 3 0.60052427
27 0 4 -0.57930863
27 0 5 1.51536618
27 0 6 1.74187614
27 0 7 1.68091575
27 0 8 1.5178288
27 0 9 1.4771631
27 0 10 1.63384547
27 0 11 0.32773454
27 0 12 0.85831348
27 0 13 1.34169079
27 0 14 0.15591552
28 0 -8 -1.478879
28 0 -7 -1.54660839
28 0 -6 -1.34113565
28 0 -5 -1.8313234
28 0 -4 -1.71029274
28 0 -3 -1.25346262
28 0 -2 -1.2035437
28 0 -1 -1.02473311
28 0 0 -0.81375031
28 0 1 -0.60429384
28 0 2 0.0094604
28 0 3 0.35206709
28 0 4 0.74937652
28 0 5 1.10394636
28 0 6 0.75947515
28 0 7 0.99723493
28 0 8 0.95897073
28 0 9 1.01587822
28 0 10 1.21353263
28 0 11 1.04367767
28 0 12 0.6670416
28 0 13 0.85000881
28 0 14 0.62677367
28 0 15 -0.06822577
29 0 -8 -0.31177962
29 0 -7 -0.47287109
29 0 -6 -0.56824016
29 0 -5 -0.3926619
29 0 -4 -0.22184466
29 0 -3 -0.40368561
29 0 -2 -0.34016901
29 0 -1 -0.05887367
29 0 0 -0.32179274
29 0 1 -0.16861904
29 0 2 0.0560431
29 0 3 1.00542444
29 0 4 1.58176607
29 0 5 1.73876358
29 0 6 1.93673351
29 0 7 1.86962052
29 0 8 2.01731167
29 0 9 1.64266382
29 0 10 1.50588236
29 0 11 0.73632982
29 0 12 0.82333708
29 0 13 1.24263711
30 1 -8 -0.40672436
30 1 -7 -0.77247142
30 1 -6 -0.46911611
30 1 -5 -0.52854914
30 1 -4 -0.63556722
30 1 -3 -0.7589402
30 1 -2 -0.4850606
30 1 -1 -0.6145739
30 1 0 -0.69954339
30 1 1 -0.41589327
30 1 2 0.00913742
30 1 3 0.24139999
30 1 4 0.7074991
30 1 5 1.38855581
30 1 6 1.15876123
30 1 7 1.66598278
30 1 8 1.838606
30 1 9 1.40253704
30 1 10 2.05146279
30 1 11 2.0808738
30 1 12 2.23301956
30 1 13 2.35766656
30 1 14 2.5219942
30 1 15 2.88586919
31 1 -8 -0.00168958
31 1 -7 -0.06828214
31 1 -6 -0.56457418
31 1 -5 -0.41880711
31 1 -4 -0.13995866
31 1 -3 -0.35614004
31 1 -2 0.27729911
31 1 -1 -0.2183727
31 1 0 0.03827632
31 1 1 0.0039531
31 1 2 0.26544631
31 1 3 0.78885369
31 1 4 1.36794744
31 1 5 1.88396666
31 1 6 -0.25557883
31 1 7 2.23965242
31 1 8 2.41585384
31 1 9 2.50580869
31 1 10 2.10367801
31 1 11 2.1611141
31 1 12 2.387853
31 1 13 2.36895532
31 1 14 2.35927099
31 1 15 2.65139443
32 1 -8 0.06736864
32 1 -7 -0.08121344
32 1 -6 -0.59064206
32 1 -5 -0.29338865
32 1 -4 -0.33062427
32 1 -3 -0.30086908
32 1 -2 -0.46368877
32 1 -1 0.13380882
32 1 0 -0.13011106
32 1 1 0.57462297
32 1 2 0.48967173
32 1 3 0.53865066
32 1 4 1.26455165
32 1 5 1.15751122
32 1 6 1.74780735
32 1 7 2.11339792
32 1 8 1.47880088
32 1 9 1.71418285
32 1 10 1.32541751
32 1 11 2.14829423
32 1 12 2.6734853
32 1 13 2.2994285
32 1 14 2.56605773
32 1 15 2.56719095
33 1 -8 -1.12184459
33 1 -7 -0.95956199
33 1 -6 -0.5958397
33 1 -5 -0.89045144
33 1 -4 -1.1286333
33 1 -3 -0.98879742
33 1 -2 -1.14252003
33 1 -1 -0.51043262
33 1 0 -0.11320637
33 1 1 0.14728035
33 1 2 0.96216119
33 1 3 1.5040774
33 1 4 1.59826461
33 1 5 1.21723371
33 1 6 1.56709458
33 1 7 1.115547
33 1 8 0.91783038
33 1 9 1.13367743
33 1 10 1.34296832
33 1 11 1.38489674
33 1 12 2.11829236
33 1 13 2.22279622
33 1 14 2.48198328
33 1 15 2.52045095
34 1 -8 -0.52368378
34 1 -7 -0.42341175
34 1 -6 -0.40546511
34 1 -5 -0.32101849
34 1 -4 -0.59083313
34 1 -3 -2.02814825
34 1 -1 -0.87330891
34 1 0 -0.20317539
34 1 1 -0.23313211
34 1 2 -0.0432123
34 1 3 0.48630201
34 1 4 1.06272222
34 1 5 1.39817207
34 1 6 1.4408314
34 1 7 2.02644546
34 1 8 1.70594512
34 1 9 1.98604619
34 1 10 1.82052329
34 1 11 1.81508947
34 1 12 1.97672923
34 1 13 2.16506633
34 1 14 2.32748017
34 1 15 2.50567275
35 1 -8 -0.59711542
35 1 -7 -0.3618651
35 1 -6 -0.03643899
35 1 -5 -0.29324543
35 1 -4 -0.07983457
35 1 -3 -0.25763266
35 1 -2 0.22471652
35 1 -1 0.14404602
35 1 0 -0.01661581
35 1 1 0.21224696
35 1 2 0.81357959
35 1 3 1.19617537
35 1 4 2.07134098
35 1 5 2.08256167
35 1 6 2.23935391
35 1 7 2.23814316
35 1 8 2.30357423
35 1 9 2.47446369
35 1 10 2.64303664
35 1 12 2.9222555
35 1 13 2.83248712
35 1 14 2.79506189
35 1 15 2.33528463
36 1 -8 -0.48823202
36 1 -7 -0.15807236
36 1 -6 0.12590251
36 1 -5 -0.28712865
36 1 -4 -0.32481047
36 1 -3 -0.13576171
36 1 -2 -0.08114913
36 1 -1 0.21141418
36 1 0 -0.3640254
36 1 1 0.18620077
36 1 2 0.52456816
36 1 3 0.48928396
36 1 4 1.1058225
36 1 5 1.63075863
36 1 6 1.37776588
36 1 7 1.72571942
36 1 8 1.78469991
36 1 9 2.03969901
36 1 10 1.80047421
36 1 11 0.79983444
36 1 12 1.9438274
36 1 13 1.7285877
36 1 14 1.66567171
36 1 15 1.71233928
37 1 -8 -1.07751624
37 1 -7 -1.86255127
37 1 -6 -2.06128196
37 1 -5 -2.22346371
37 1 -4 -1.44356879
37 1 -3 -0.95136285
37 1 -2 -1.73088358
37 1 -1 -1.71525924
37 1 0 -1.27315518
37 1 1 -1.42663556
37 1 2 -0.7249861
37 1 3 -0.4034904
37 1 4 -0.73767092
37 1 5 -0.01433842
37 1 6 0.35085767
37 1 7 0.14298913
37 1 8 0.24311568
37 1 9 0.64854744
37 1 10 0.53870684
37 1 11 0.33790855
37 1 12 0.74494918
37 1 13 0.58972523
37 1 14 1.08422981
37 1 15 -0.0443863
38 1 -8 0.24578805
38 1 -7 0.58113972
38 1 -6 0.38471293
38 1 -5 0.37960199
38 1 -4 0.38879553
38 1 -3 0.62498417
38 1 -2 0.37354198
38 1 -1 0.89298523
38 1 0 0.68948136
38 1 1 0.82387683
38 1 2 1.38632785
38 1 3 3.01662697
38 1 4 1.97962332
38 1 5 2.28367164
38 1 6 2.47382866
38 1 7 2.47216296
38 1 8 2.62466305
38 1 9 3.07488207
38 1 10 3.36007302
38 1 11 2.73036723
38 1 12 2.78371101
38 1 13 3.37615115
38 1 14 3.52266479
38 1 15 3.06636227
39 1 -8 0.77702047
39 1 -7 0.73823312
39 1 -6 1.07958068
39 1 -5 0.49340699
39 1 -4 -0.03816352
39 1 -3 -0.20178488
39 1 -2 -0.39301817
39 1 -1 -0.34244589
39 1 0 -0.52647771
39 1 1 0.15929738
39 1 2 -0.16917692
39 1 3 0.68308805
39 1 4 0.65989912
39 1 5 0.86024286
39 1 6 1.26975789
39 1 7 1.1479082
39 1 8 1.69196367
39 1 9 1.56970638
39 1 10 1.66396122
39 1 11 1.78760706
39 1 12 2.06796445
39 1 13 2.22940554
39 1 14 2.19150881
39 1 15 1.93793199
40 1 -8 -0.55265875
40 1 -7 -0.67789585
40 1 -6 -0.35098612
40 1 -5 -0.30579708
40 1 -4 -0.22194093
40 1 -3 -0.38693286
40 1 -2 -0.57785469
40 1 -1 -0.5738335
40 1 0 -0.09112707
40 1 1 0.40545065
40 1 2 0.45673746
40 1 3 0.82265879
40 1 4 0.89570459
40 1 5 1.47309727
40 1 6 1.27931861
40 1 10 1.98240194
40 1 11 1.99120523
41 1 -8 -1.05551856
41 1 -7 -0.99332425
41 1 -6 -0.54553412
41 1 -5 -0.60081147
41 1 -4 -0.6479623
41 1 -3 -0.48718809
41 1 -2 -0.34232096
41 1 -1 -0.71996401
41 1 0 -0.37070565
41 1 1 -0.21961333
41 1 2 0.58533517
41 1 3 1.04327045
41 1 4 1.38573354
41 1 5 1.95976706
41 1 6 1.59601781
41 1 7 1.79175947
41 1 8 1.86443721
41 1 9 1.98062142
41 1 10 1.7702522
41 1 11 1.74267041
41 1 12 2.29054604
41 1 13 2.21742597
41 1 14 2.43180293
41 1 15 2.51718188
42 1 -8 -1.75845571
42 1 -7 -2.51819842
42 1 -6 -1.65210295
42 1 -5 -1.40584607
42 1 -4 -3.03380104
42 1 -3 -1.62604394
42 1 -2 -2.07988787
42 1 -1 -3.90689879
42 1 0 -2.96905207
42 1 1 -3.89815849
42 1 2 -2.66140376
42 1 3 0.90642112
42 1 4 -0.07641226
42 1 5 1.67871564
42 1 9 -1.35355099
42 1 10 0.13414859
42 1 11 2.00868825
42 1 12 2.21466958
42 1 13 2.16434099
42 1 14 2.2700045
42 1 15 2.14575297
43 1 -8 -0.72672891
43 1 -7 -1.00973147
43 1 -6 -0.96394241
43 1 -5 -1.10909731
43 1 -4 -0.69944692
43 1 -3 -4.46721801
43 1 -2 -1.06184668
43 1 -1 -1.10607776
43 1 0 -0.71495757
43 1 1 -0.46002481
43 1 2 -0.01099393
43 1 3 0.34009642
43 1 4 0.41736773
43 1 5 0.96533226
43 1 6 0.93960896
43 1 7 0.93205834
43 1 8 1.18783217
43 1 9 -2.96345073
43 1 10 -0.55304857
43 1 11 1.5610296
43 1 12 1.54811482
43 1 13 0.90789988
43 1 14 1.38024469
43 1 15 1.99353346
44 1 -8 -1.42933997
44 1 -7 -1.26749918
44 1 -6 -0.76957288
44 1 -5 -1.58476049
44 1 -4 -1.31358401
44 1 -3 -0.92628463
44 1 -2 -1.21937945
44 1 -1 -1.03149969
44 1 0 -0.45850939
44 1 1 -0.48111739
44 1 2 0.18817536
44 1 3 0.42834185
44 1 4 0.91840035
44 1 5 1.38028542
44 1 6 0.86895038
44 1 7 1.12054037
44 1 8 1.30238719
44 1 9 1.33374923
44 1 10 0.87583806
44 1 11 1.10247554
44 1 12 1.12171174
44 1 13 1.40581366
44 1 14 1.57592229
44 1 15 1.99599715
45 1 -8 -2.01033564
45 1 -7 -1.36095922
45 1 -6 -1.55755109
45 1 -5 -1.30911753
45 1 -4 -1.57851861
45 1 -3 -1.99790586
45 1 -2 -2.14028604
45 1 -1 -1.24038509
45 1 0 -1.3373299
45 1 1 -1.26564253
45 1 2 -0.66731193
45 1 3 -0.41762984
45 1 4 0.37263592
45 1 5 0.32237347
45 1 6 0.64798897
45 1 7 0.42904796
45 1 8 0.51805253
45 1 9 0.61290153
45 1 10 1.08227304
45 1 11 0.97592579
45 1 12 0.78358643
45 1 13 1.13571332
45 1 14 1.03818489
45 1 15 0.95436174
46 1 -8 1.60382836
46 1 -7 1.85401518
46 1 -6 1.48889074
46 1 -5 1.55764127
46 1 -4 1.89200039
46 1 -3 1.73119976
46 1 -2 2.24247601
46 1 -1 1.38146025
46 1 0 1.90685279
46 1 2 2.46731838
46 1 3 2.85380354
46 1 4 3.06078448
46 1 5 3.22614082
46 1 6 3.32407087
46 1 7 3.20058645
46 1 8 3.01212267
46 1 9 3.17723171
46 1 10 3.62091552
46 1 11 3.45042735
46 1 12 3.59579113
46 1 13 4.10054706
46 1 14 3.97294279
46 1 15 3.99235718
47 1 -8 -0.97375147
47 1 -7 -0.68364745
47 1 -6 -0.68388882
47 1 -5 -0.87580556
47 1 -4 -0.72386991
47 1 -3 -1.14174828
47 1 -2 -0.91122473
47 1 -1 -0.53052696
47 1 0 -0.11458347
47 1 1 -0.07253798
47 1 2 0.18910207
47 1 3 0.80280938
47 1 4 1.22822754
47 1 5 1.21745856
47 1 6 1.49479505
47 1 7 1.6025437
47 1 8 1.47676872
47 1 9 1.87317042
47 1 10 1.76746753
47 1 11 1.85566836
47 1 12 2.06316162
47 1 13 1.85626032
47 1 14 1.96210617
47 1 15 2.13144344
48 1 -8 0.17414706
48 1 -7 -0.19185378
48 1 -6 -0.00734397
48 1 -5 0.15870625
48 1 -4 -0.03706342
48 1 -3 -0.10648792
48 1 -2 0.20373319
48 1 -1 -0.00839007
48 1 0 0.45373683
48 1 1 -3.09738309
48 1 2 -1.61272185
48 1 3 -1.75886666
48 1 4 -1.91151393
48 1 5 0.04312846
48 1 6 -0.0991916
48 1 7 -1.10496885
48 1 8 -1.35948821
48 1 9 -0.99152148
48 1 10 -0.74988663
48 1 11 -0.36698101
48 1 12 -0.31555434
48 1 13 1.16935206
48 1 14 1.28234544
48 1 15 0.99007127
49 1 -8 -0.38889056
49 1 -7 -0.09018206
49 1 -6 -0.23832074
49 1 -5 -0.34762985
49 1 -4 -0.1752377
49 1 -3 -0.1393671
49 1 -2 -0.38746266
49 1 -1 -0.26546818
49 1 0 0.3288863
49 1 1 0.38091834
49 1 2 0.9355498
49 1 3 1.79160767
49 1 4 1.69243857
49 1 5 1.90889636
49 1 6 2.04136141
49 1 7 2.26337405
49 1 8 2.13159404
49 1 9 2.51791362
49 1 10 2.05362084
49 1 11 1.98854511
49 1 12 2.16680492
49 1 13 2.45330112
49 1 14 2.2086542
49 1 15 2.30288495
50 1 -8 -0.54081549
50 1 -7 -0.4782227
50 1 -6 -0.65217875
50 1 -5 -0.62285449
50 1 -4 -0.81455286
50 1 -3 -0.52020026
50 1 -2 -0.4434052
50 1 -1 -1.64459098
50 1 0 -0.37933268
50 1 1 -0.61306264
50 1 2 -0.15293754
50 1 3 0.49667837
50 1 4 0.9610515
50 1 5 1.71198041
50 1 6 1.98948333
50 1 7 1.69910229
50 1 8 1.60098598
50 1 9 2.27719785
50 1 10 1.99867602
50 1 11 2.48320083
50 1 12 2.69475797
50 1 13 2.36233973
50 1 14 2.17957075
51 1 -8 -0.86569844
51 1 -7 -0.40151575
51 1 -6 -0.33310606
51 1 -5 -0.91517279
51 1 -4 -1.09008572
51 1 -3 -0.83785187
51 1 -2 -0.76353927
51 1 -1 -1.04778767
51 1 0 -0.63852868
51 1 1 0.31174995
51 1 2 -0.02508327
51 1 3 0.22995874
51 1 4 0.69718803
51 1 5 1.1830911
51 1 6 1.4215288
51 1 7 1.2376713
51 1 8 1.24413717
51 1 9 1.00967813
51 1 10 1.20062073
51 1 11 1.4744806
51 1 12 1.60286037
51 1 13 1.55784755
51 1 14 1.6621424
51 1 15 1.84250059


